{
    "dwell": 1.0000000474974513,
    "fpath": "/mnt/srv-unix-home/sm-user/git_sandbox/branches/40/pyStxm/bcm/devices/ophyd/e712_wavegen/e712.ini",
    "line_accrange": 1.5,
    "line_return_time": 0.5,
    "line_start_delay": 0.03,
    "line_step_time": 0.005,
    "line_trig_time": 0.03,
    "line_updown_time": 0.005,
    "max_rcv_bytes": 16384.0,
    "max_sock_timeout": 1.0,
    "mode": 0,
    "numX": 100,
    "numY": 100,
    "pnt_start_delay": 0.0,
    "pnt_step_time": 0.001,
    "pnt_updown_time": 0.001,
    "startX": 1507.2386474609375,
    "startY": -1274.4219970703125,
    "stopX": 1517.2386474609375,
    "stopY": -1264.4219970703125
}